<!DOCTYPE html>
<html xmlns="http://www.w3.org/1999/xhtml" lang="en" xml:lang="en"><head>

<meta charset="utf-8">
<meta name="generator" content="quarto-1.6.40">

<meta name="viewport" content="width=device-width, initial-scale=1.0, user-scalable=yes">

<meta name="author" content="Martha Bohorquez">

<title>Ilustración del kriging simple espacio tiempo</title>
<style>
code{white-space: pre-wrap;}
span.smallcaps{font-variant: small-caps;}
div.columns{display: flex; gap: min(4vw, 1.5em);}
div.column{flex: auto; overflow-x: auto;}
div.hanging-indent{margin-left: 1.5em; text-indent: -1.5em;}
ul.task-list{list-style: none;}
ul.task-list li input[type="checkbox"] {
  width: 0.8em;
  margin: 0 0.8em 0.2em -1em; /* quarto-specific, see https://github.com/quarto-dev/quarto-cli/issues/4556 */ 
  vertical-align: middle;
}
/* CSS for syntax highlighting */
pre > code.sourceCode { white-space: pre; position: relative; }
pre > code.sourceCode > span { line-height: 1.25; }
pre > code.sourceCode > span:empty { height: 1.2em; }
.sourceCode { overflow: visible; }
code.sourceCode > span { color: inherit; text-decoration: inherit; }
div.sourceCode { margin: 1em 0; }
pre.sourceCode { margin: 0; }
@media screen {
div.sourceCode { overflow: auto; }
}
@media print {
pre > code.sourceCode { white-space: pre-wrap; }
pre > code.sourceCode > span { display: inline-block; text-indent: -5em; padding-left: 5em; }
}
pre.numberSource code
  { counter-reset: source-line 0; }
pre.numberSource code > span
  { position: relative; left: -4em; counter-increment: source-line; }
pre.numberSource code > span > a:first-child::before
  { content: counter(source-line);
    position: relative; left: -1em; text-align: right; vertical-align: baseline;
    border: none; display: inline-block;
    -webkit-touch-callout: none; -webkit-user-select: none;
    -khtml-user-select: none; -moz-user-select: none;
    -ms-user-select: none; user-select: none;
    padding: 0 4px; width: 4em;
  }
pre.numberSource { margin-left: 3em;  padding-left: 4px; }
div.sourceCode
  {   }
@media screen {
pre > code.sourceCode > span > a:first-child::before { text-decoration: underline; }
}
</style>


<script src="Ilustración del kriging simple espacio tiempo_files/libs/clipboard/clipboard.min.js"></script>
<script src="Ilustración del kriging simple espacio tiempo_files/libs/quarto-html/quarto.js"></script>
<script src="Ilustración del kriging simple espacio tiempo_files/libs/quarto-html/popper.min.js"></script>
<script src="Ilustración del kriging simple espacio tiempo_files/libs/quarto-html/tippy.umd.min.js"></script>
<script src="Ilustración del kriging simple espacio tiempo_files/libs/quarto-html/anchor.min.js"></script>
<link href="Ilustración del kriging simple espacio tiempo_files/libs/quarto-html/tippy.css" rel="stylesheet">
<link href="Ilustración del kriging simple espacio tiempo_files/libs/quarto-html/quarto-syntax-highlighting-549806ee2085284f45b00abea8c6df48.css" rel="stylesheet" id="quarto-text-highlighting-styles">
<script src="Ilustración del kriging simple espacio tiempo_files/libs/bootstrap/bootstrap.min.js"></script>
<link href="Ilustración del kriging simple espacio tiempo_files/libs/bootstrap/bootstrap-icons.css" rel="stylesheet">
<link href="Ilustración del kriging simple espacio tiempo_files/libs/bootstrap/bootstrap-8a79a254b8e706d3c925cde0a310d4f0.min.css" rel="stylesheet" append-hash="true" id="quarto-bootstrap" data-mode="light">


</head>

<body class="fullcontent">

<div id="quarto-content" class="page-columns page-rows-contents page-layout-article">

<main class="content" id="quarto-document-content">

<header id="title-block-header" class="quarto-title-block default">
<div class="quarto-title">
<h1 class="title">Ilustración del kriging simple espacio tiempo</h1>
</div>



<div class="quarto-title-meta">

    <div>
    <div class="quarto-title-meta-heading">Author</div>
    <div class="quarto-title-meta-contents">
             <p>Martha Bohorquez </p>
          </div>
  </div>
    
  
    
  </div>
  


</header>


<section id="simulación-no-condicional-de-una-realización-de-un-campo-aleatorio-espacio-temporal-no-separable-usando-el-modelo-de-covarianza-cressie1" class="level2">
<h2 class="anchored" data-anchor-id="simulación-no-condicional-de-una-realización-de-un-campo-aleatorio-espacio-temporal-no-separable-usando-el-modelo-de-covarianza-cressie1"><strong>Simulación no condicional de una realización de un campo aleatorio espacio temporal no separable usando el modelo de covarianza cressie1</strong></h2>
<p>En primer lugar, se generar la grilla espacio temporal. Aquí suponemos n=6 ubicaciones espaciales y T=4 momentos en el tiempo, así en total son 24 ubicaciones espacio-tiempo. Se llevará a cabo la simulación y posteriormente se usará el predictor kriging con su respectiva estimación de varianza del error de predicción, en un punto no “observado”. Se asume conocida la función de covarianza. En la práctica esta matriz se puede estimar por métodos como maxima veorsimilitud, pseudoverosimilitud y métodos basados en mínimos cuadrados.</p>
<div class="cell">
<div class="sourceCode cell-code" id="cb1"><pre class="sourceCode r code-with-copy"><code class="sourceCode r"><span id="cb1-1"><a href="#cb1-1" aria-hidden="true" tabindex="-1"></a><span class="fu">library</span>(mvtnorm)</span>
<span id="cb1-2"><a href="#cb1-2" aria-hidden="true" tabindex="-1"></a>x1 <span class="ot">&lt;-</span> <span class="fu">seq</span>(<span class="dv">0</span>,<span class="dv">3</span>,<span class="at">len =</span> <span class="dv">3</span>)</span>
<span id="cb1-3"><a href="#cb1-3" aria-hidden="true" tabindex="-1"></a>x2 <span class="ot">&lt;-</span> <span class="fu">seq</span>(<span class="dv">1</span>,<span class="dv">6</span>,<span class="at">len =</span> <span class="dv">2</span>)</span>
<span id="cb1-4"><a href="#cb1-4" aria-hidden="true" tabindex="-1"></a>t <span class="ot">&lt;-</span> <span class="dv">1</span><span class="sc">:</span><span class="dv">4</span></span>
<span id="cb1-5"><a href="#cb1-5" aria-hidden="true" tabindex="-1"></a>grillaSpT<span class="ot">=</span><span class="fu">expand.grid</span>(x1,x2,t)</span>
<span id="cb1-6"><a href="#cb1-6" aria-hidden="true" tabindex="-1"></a></span>
<span id="cb1-7"><a href="#cb1-7" aria-hidden="true" tabindex="-1"></a><span class="co">#matriz de distancias (rezagos) espaciales</span></span>
<span id="cb1-8"><a href="#cb1-8" aria-hidden="true" tabindex="-1"></a>matDistSp<span class="ot">=</span><span class="fu">as.matrix</span>(<span class="fu">dist</span>(grillaSpT[,<span class="dv">1</span><span class="sc">:</span><span class="dv">2</span>]))</span>
<span id="cb1-9"><a href="#cb1-9" aria-hidden="true" tabindex="-1"></a></span>
<span id="cb1-10"><a href="#cb1-10" aria-hidden="true" tabindex="-1"></a><span class="co">#matriz de distancias (rezagos) temporales</span></span>
<span id="cb1-11"><a href="#cb1-11" aria-hidden="true" tabindex="-1"></a>matDistT<span class="ot">=</span><span class="fu">as.matrix</span>(<span class="fu">dist</span>(grillaSpT[,<span class="dv">3</span><span class="sc">:</span><span class="dv">3</span>]))</span>
<span id="cb1-12"><a href="#cb1-12" aria-hidden="true" tabindex="-1"></a>cressie1<span class="ot">=</span><span class="cf">function</span>(h,u,p){(p[<span class="dv">1</span>]<span class="sc">^</span><span class="dv">2</span><span class="sc">/</span>((p[<span class="dv">2</span>]<span class="sc">^</span><span class="dv">2</span><span class="sc">*</span>u<span class="sc">^</span><span class="dv">2</span><span class="sc">+</span><span class="dv">1</span>)))<span class="sc">*</span><span class="fu">exp</span>(<span class="sc">-</span>(p[<span class="dv">3</span>]<span class="sc">^</span><span class="dv">2</span><span class="sc">*</span>h<span class="sc">^</span><span class="dv">2</span>)<span class="sc">/</span>(p[<span class="dv">2</span>]<span class="sc">^</span><span class="dv">2</span><span class="sc">*</span>u<span class="sc">^</span><span class="dv">2</span><span class="sc">+</span><span class="dv">1</span>))}</span>
<span id="cb1-13"><a href="#cb1-13" aria-hidden="true" tabindex="-1"></a></span>
<span id="cb1-14"><a href="#cb1-14" aria-hidden="true" tabindex="-1"></a><span class="do">##parámetros p, mu, que en este caso son p=c(0.4,1.7,1.9) y mu=0</span></span>
<span id="cb1-15"><a href="#cb1-15" aria-hidden="true" tabindex="-1"></a>sigma<span class="ot">=</span><span class="fu">cressie1</span>(matDistSp,matDistT,<span class="at">p=</span><span class="fu">c</span>(<span class="fl">0.15</span>,<span class="fl">1.7</span>,<span class="fl">1.9</span>))</span>
<span id="cb1-16"><a href="#cb1-16" aria-hidden="true" tabindex="-1"></a>sim1<span class="ot">=</span><span class="fu">rmvnorm</span>(<span class="dv">1</span>,<span class="at">mean=</span><span class="fu">rep</span>(<span class="dv">0</span>,<span class="fu">nrow</span>(grillaSpT)), <span class="at">sigma=</span>sigma)</span>
<span id="cb1-17"><a href="#cb1-17" aria-hidden="true" tabindex="-1"></a></span>
<span id="cb1-18"><a href="#cb1-18" aria-hidden="true" tabindex="-1"></a>datos1<span class="ot">=</span><span class="fu">cbind</span>(grillaSpT,<span class="fu">t</span>(sim1))</span>
<span id="cb1-19"><a href="#cb1-19" aria-hidden="true" tabindex="-1"></a></span>
<span id="cb1-20"><a href="#cb1-20" aria-hidden="true" tabindex="-1"></a><span class="fu">names</span>(datos1)<span class="ot">=</span><span class="fu">c</span>(<span class="st">"x"</span>,<span class="st">"y"</span>,<span class="st">"t"</span>,<span class="st">"z((x,y),t)"</span>)</span>
<span id="cb1-21"><a href="#cb1-21" aria-hidden="true" tabindex="-1"></a></span>
<span id="cb1-22"><a href="#cb1-22" aria-hidden="true" tabindex="-1"></a></span>
<span id="cb1-23"><a href="#cb1-23" aria-hidden="true" tabindex="-1"></a>matDistSp</span></code><button title="Copy to Clipboard" class="code-copy-button"><i class="bi"></i></button></pre></div>
<div class="cell-output cell-output-stdout">
<pre><code>          1        2        3        4        5        6        7        8
1  0.000000 1.500000 3.000000 5.000000 5.220153 5.830952 0.000000 1.500000
2  1.500000 0.000000 1.500000 5.220153 5.000000 5.220153 1.500000 0.000000
3  3.000000 1.500000 0.000000 5.830952 5.220153 5.000000 3.000000 1.500000
4  5.000000 5.220153 5.830952 0.000000 1.500000 3.000000 5.000000 5.220153
5  5.220153 5.000000 5.220153 1.500000 0.000000 1.500000 5.220153 5.000000
6  5.830952 5.220153 5.000000 3.000000 1.500000 0.000000 5.830952 5.220153
7  0.000000 1.500000 3.000000 5.000000 5.220153 5.830952 0.000000 1.500000
8  1.500000 0.000000 1.500000 5.220153 5.000000 5.220153 1.500000 0.000000
9  3.000000 1.500000 0.000000 5.830952 5.220153 5.000000 3.000000 1.500000
10 5.000000 5.220153 5.830952 0.000000 1.500000 3.000000 5.000000 5.220153
11 5.220153 5.000000 5.220153 1.500000 0.000000 1.500000 5.220153 5.000000
12 5.830952 5.220153 5.000000 3.000000 1.500000 0.000000 5.830952 5.220153
13 0.000000 1.500000 3.000000 5.000000 5.220153 5.830952 0.000000 1.500000
14 1.500000 0.000000 1.500000 5.220153 5.000000 5.220153 1.500000 0.000000
15 3.000000 1.500000 0.000000 5.830952 5.220153 5.000000 3.000000 1.500000
16 5.000000 5.220153 5.830952 0.000000 1.500000 3.000000 5.000000 5.220153
17 5.220153 5.000000 5.220153 1.500000 0.000000 1.500000 5.220153 5.000000
18 5.830952 5.220153 5.000000 3.000000 1.500000 0.000000 5.830952 5.220153
19 0.000000 1.500000 3.000000 5.000000 5.220153 5.830952 0.000000 1.500000
20 1.500000 0.000000 1.500000 5.220153 5.000000 5.220153 1.500000 0.000000
21 3.000000 1.500000 0.000000 5.830952 5.220153 5.000000 3.000000 1.500000
22 5.000000 5.220153 5.830952 0.000000 1.500000 3.000000 5.000000 5.220153
23 5.220153 5.000000 5.220153 1.500000 0.000000 1.500000 5.220153 5.000000
24 5.830952 5.220153 5.000000 3.000000 1.500000 0.000000 5.830952 5.220153
          9       10       11       12       13       14       15       16
1  3.000000 5.000000 5.220153 5.830952 0.000000 1.500000 3.000000 5.000000
2  1.500000 5.220153 5.000000 5.220153 1.500000 0.000000 1.500000 5.220153
3  0.000000 5.830952 5.220153 5.000000 3.000000 1.500000 0.000000 5.830952
4  5.830952 0.000000 1.500000 3.000000 5.000000 5.220153 5.830952 0.000000
5  5.220153 1.500000 0.000000 1.500000 5.220153 5.000000 5.220153 1.500000
6  5.000000 3.000000 1.500000 0.000000 5.830952 5.220153 5.000000 3.000000
7  3.000000 5.000000 5.220153 5.830952 0.000000 1.500000 3.000000 5.000000
8  1.500000 5.220153 5.000000 5.220153 1.500000 0.000000 1.500000 5.220153
9  0.000000 5.830952 5.220153 5.000000 3.000000 1.500000 0.000000 5.830952
10 5.830952 0.000000 1.500000 3.000000 5.000000 5.220153 5.830952 0.000000
11 5.220153 1.500000 0.000000 1.500000 5.220153 5.000000 5.220153 1.500000
12 5.000000 3.000000 1.500000 0.000000 5.830952 5.220153 5.000000 3.000000
13 3.000000 5.000000 5.220153 5.830952 0.000000 1.500000 3.000000 5.000000
14 1.500000 5.220153 5.000000 5.220153 1.500000 0.000000 1.500000 5.220153
15 0.000000 5.830952 5.220153 5.000000 3.000000 1.500000 0.000000 5.830952
16 5.830952 0.000000 1.500000 3.000000 5.000000 5.220153 5.830952 0.000000
17 5.220153 1.500000 0.000000 1.500000 5.220153 5.000000 5.220153 1.500000
18 5.000000 3.000000 1.500000 0.000000 5.830952 5.220153 5.000000 3.000000
19 3.000000 5.000000 5.220153 5.830952 0.000000 1.500000 3.000000 5.000000
20 1.500000 5.220153 5.000000 5.220153 1.500000 0.000000 1.500000 5.220153
21 0.000000 5.830952 5.220153 5.000000 3.000000 1.500000 0.000000 5.830952
22 5.830952 0.000000 1.500000 3.000000 5.000000 5.220153 5.830952 0.000000
23 5.220153 1.500000 0.000000 1.500000 5.220153 5.000000 5.220153 1.500000
24 5.000000 3.000000 1.500000 0.000000 5.830952 5.220153 5.000000 3.000000
         17       18       19       20       21       22       23       24
1  5.220153 5.830952 0.000000 1.500000 3.000000 5.000000 5.220153 5.830952
2  5.000000 5.220153 1.500000 0.000000 1.500000 5.220153 5.000000 5.220153
3  5.220153 5.000000 3.000000 1.500000 0.000000 5.830952 5.220153 5.000000
4  1.500000 3.000000 5.000000 5.220153 5.830952 0.000000 1.500000 3.000000
5  0.000000 1.500000 5.220153 5.000000 5.220153 1.500000 0.000000 1.500000
6  1.500000 0.000000 5.830952 5.220153 5.000000 3.000000 1.500000 0.000000
7  5.220153 5.830952 0.000000 1.500000 3.000000 5.000000 5.220153 5.830952
8  5.000000 5.220153 1.500000 0.000000 1.500000 5.220153 5.000000 5.220153
9  5.220153 5.000000 3.000000 1.500000 0.000000 5.830952 5.220153 5.000000
10 1.500000 3.000000 5.000000 5.220153 5.830952 0.000000 1.500000 3.000000
11 0.000000 1.500000 5.220153 5.000000 5.220153 1.500000 0.000000 1.500000
12 1.500000 0.000000 5.830952 5.220153 5.000000 3.000000 1.500000 0.000000
13 5.220153 5.830952 0.000000 1.500000 3.000000 5.000000 5.220153 5.830952
14 5.000000 5.220153 1.500000 0.000000 1.500000 5.220153 5.000000 5.220153
15 5.220153 5.000000 3.000000 1.500000 0.000000 5.830952 5.220153 5.000000
16 1.500000 3.000000 5.000000 5.220153 5.830952 0.000000 1.500000 3.000000
17 0.000000 1.500000 5.220153 5.000000 5.220153 1.500000 0.000000 1.500000
18 1.500000 0.000000 5.830952 5.220153 5.000000 3.000000 1.500000 0.000000
19 5.220153 5.830952 0.000000 1.500000 3.000000 5.000000 5.220153 5.830952
20 5.000000 5.220153 1.500000 0.000000 1.500000 5.220153 5.000000 5.220153
21 5.220153 5.000000 3.000000 1.500000 0.000000 5.830952 5.220153 5.000000
22 1.500000 3.000000 5.000000 5.220153 5.830952 0.000000 1.500000 3.000000
23 0.000000 1.500000 5.220153 5.000000 5.220153 1.500000 0.000000 1.500000
24 1.500000 0.000000 5.830952 5.220153 5.000000 3.000000 1.500000 0.000000</code></pre>
</div>
</div>
<p><br>
</p>
<div class="cell">
<div class="sourceCode cell-code" id="cb3"><pre class="sourceCode r code-with-copy"><code class="sourceCode r"><span id="cb3-1"><a href="#cb3-1" aria-hidden="true" tabindex="-1"></a>matDistT</span></code><button title="Copy to Clipboard" class="code-copy-button"><i class="bi"></i></button></pre></div>
<div class="cell-output cell-output-stdout">
<pre><code>   1 2 3 4 5 6 7 8 9 10 11 12 13 14 15 16 17 18 19 20 21 22 23 24
1  0 0 0 0 0 0 1 1 1  1  1  1  2  2  2  2  2  2  3  3  3  3  3  3
2  0 0 0 0 0 0 1 1 1  1  1  1  2  2  2  2  2  2  3  3  3  3  3  3
3  0 0 0 0 0 0 1 1 1  1  1  1  2  2  2  2  2  2  3  3  3  3  3  3
4  0 0 0 0 0 0 1 1 1  1  1  1  2  2  2  2  2  2  3  3  3  3  3  3
5  0 0 0 0 0 0 1 1 1  1  1  1  2  2  2  2  2  2  3  3  3  3  3  3
6  0 0 0 0 0 0 1 1 1  1  1  1  2  2  2  2  2  2  3  3  3  3  3  3
7  1 1 1 1 1 1 0 0 0  0  0  0  1  1  1  1  1  1  2  2  2  2  2  2
8  1 1 1 1 1 1 0 0 0  0  0  0  1  1  1  1  1  1  2  2  2  2  2  2
9  1 1 1 1 1 1 0 0 0  0  0  0  1  1  1  1  1  1  2  2  2  2  2  2
10 1 1 1 1 1 1 0 0 0  0  0  0  1  1  1  1  1  1  2  2  2  2  2  2
11 1 1 1 1 1 1 0 0 0  0  0  0  1  1  1  1  1  1  2  2  2  2  2  2
12 1 1 1 1 1 1 0 0 0  0  0  0  1  1  1  1  1  1  2  2  2  2  2  2
13 2 2 2 2 2 2 1 1 1  1  1  1  0  0  0  0  0  0  1  1  1  1  1  1
14 2 2 2 2 2 2 1 1 1  1  1  1  0  0  0  0  0  0  1  1  1  1  1  1
15 2 2 2 2 2 2 1 1 1  1  1  1  0  0  0  0  0  0  1  1  1  1  1  1
16 2 2 2 2 2 2 1 1 1  1  1  1  0  0  0  0  0  0  1  1  1  1  1  1
17 2 2 2 2 2 2 1 1 1  1  1  1  0  0  0  0  0  0  1  1  1  1  1  1
18 2 2 2 2 2 2 1 1 1  1  1  1  0  0  0  0  0  0  1  1  1  1  1  1
19 3 3 3 3 3 3 2 2 2  2  2  2  1  1  1  1  1  1  0  0  0  0  0  0
20 3 3 3 3 3 3 2 2 2  2  2  2  1  1  1  1  1  1  0  0  0  0  0  0
21 3 3 3 3 3 3 2 2 2  2  2  2  1  1  1  1  1  1  0  0  0  0  0  0
22 3 3 3 3 3 3 2 2 2  2  2  2  1  1  1  1  1  1  0  0  0  0  0  0
23 3 3 3 3 3 3 2 2 2  2  2  2  1  1  1  1  1  1  0  0  0  0  0  0
24 3 3 3 3 3 3 2 2 2  2  2  2  1  1  1  1  1  1  0  0  0  0  0  0</code></pre>
</div>
</div>
<div class="cell">
<div class="sourceCode cell-code" id="cb5"><pre class="sourceCode r code-with-copy"><code class="sourceCode r"><span id="cb5-1"><a href="#cb5-1" aria-hidden="true" tabindex="-1"></a>datos1</span></code><button title="Copy to Clipboard" class="code-copy-button"><i class="bi"></i></button></pre></div>
<div class="cell-output cell-output-stdout">
<pre><code>     x y t   z((x,y),t)
1  0.0 1 1  0.027879399
2  1.5 1 1 -0.112723644
3  3.0 1 1 -0.100257010
4  0.0 6 1 -0.003952090
5  1.5 6 1  0.048577893
6  3.0 6 1 -0.068946244
7  0.0 1 2  0.226648463
8  1.5 1 2  0.116005963
9  3.0 1 2 -0.004336917
10 0.0 6 2  0.088092475
11 1.5 6 2  0.005264155
12 3.0 6 2  0.019793365
13 0.0 1 3 -0.080420809
14 1.5 1 3  0.048047848
15 3.0 1 3  0.093398834
16 0.0 6 3  0.136921304
17 1.5 6 3 -0.183145791
18 3.0 6 3  0.253330561
19 0.0 1 4 -0.272222598
20 1.5 1 4 -0.319119748
21 3.0 1 4  0.224669247
22 0.0 6 4  0.011465587
23 1.5 6 4 -0.100830667
24 3.0 6 4  0.015537689</code></pre>
</div>
</div>
<p>Se requiere predecir predecir en el tiempo t=2.3 y en el lugar s0=(1.5,2.7).Nótese que tanto el dominio espacial como el dominio temporal con continuos y fijos. A continuación se presenta el procedimiento para llevar a cabo Kriging simple con su respectiva varianza de error de predicción estimada</p>
<div class="cell">
<div class="sourceCode cell-code" id="cb7"><pre class="sourceCode r code-with-copy"><code class="sourceCode r"><span id="cb7-1"><a href="#cb7-1" aria-hidden="true" tabindex="-1"></a>grillaSpT0<span class="ot">=</span><span class="fu">rbind</span>(<span class="fu">expand.grid</span>(x1,x2,t),<span class="fu">c</span>(<span class="fl">1.5</span>,<span class="fl">2.7</span>,<span class="fl">2.3</span>))</span>
<span id="cb7-2"><a href="#cb7-2" aria-hidden="true" tabindex="-1"></a>matDistSp0<span class="ot">=</span><span class="fu">as.matrix</span>(<span class="fu">dist</span>(grillaSpT0[,<span class="dv">1</span><span class="sc">:</span><span class="dv">2</span>]))</span>
<span id="cb7-3"><a href="#cb7-3" aria-hidden="true" tabindex="-1"></a>matDistT0<span class="ot">=</span><span class="fu">as.matrix</span>(<span class="fu">dist</span>(grillaSpT0[,<span class="dv">3</span><span class="sc">:</span><span class="dv">3</span>]))</span>
<span id="cb7-4"><a href="#cb7-4" aria-hidden="true" tabindex="-1"></a>sigma0<span class="ot">=</span><span class="fu">cressie1</span>(matDistSp0,matDistT0,<span class="at">p=</span><span class="fu">c</span>(<span class="fl">0.15</span>,<span class="fl">1.7</span>,<span class="fl">1.9</span>))</span>
<span id="cb7-5"><a href="#cb7-5" aria-hidden="true" tabindex="-1"></a><span class="co">#vector de covarianzas entre la coordenada a predecir y las observadas</span></span>
<span id="cb7-6"><a href="#cb7-6" aria-hidden="true" tabindex="-1"></a>sigma0</span></code><button title="Copy to Clipboard" class="code-copy-button"><i class="bi"></i></button></pre></div>
<div class="cell-output cell-output-stdout">
<pre><code>              1            2            3            4            5
1  2.250000e-02 6.677680e-06 1.745640e-16 1.435838e-41 4.261364e-45
2  6.677680e-06 2.250000e-02 6.677680e-06 4.261364e-45 1.435838e-41
3  1.745640e-16 6.677680e-06 2.250000e-02 1.113981e-55 4.261364e-45
4  1.435838e-41 4.261364e-45 1.113981e-55 2.250000e-02 6.677680e-06
5  4.261364e-45 1.435838e-41 4.261364e-45 6.677680e-06 2.250000e-02
6  1.113981e-55 4.261364e-45 1.435838e-41 1.745640e-16 6.677680e-06
7  5.784062e-03 7.168131e-04 1.364348e-06 4.857107e-13 6.019365e-14
8  7.168131e-04 5.784062e-03 7.168131e-04 6.019365e-14 4.857107e-13
9  1.364348e-06 7.168131e-04 5.784062e-03 1.145697e-16 6.019365e-14
10 4.857107e-13 6.019365e-14 1.145697e-16 5.784062e-03 7.168131e-04
11 6.019365e-14 4.857107e-13 6.019365e-14 7.168131e-04 5.784062e-03
12 1.145697e-16 6.019365e-14 4.857107e-13 1.364348e-06 7.168131e-04
13 1.791401e-03 9.382886e-04 1.348240e-04 1.356956e-06 7.107376e-07
14 9.382886e-04 1.791401e-03 9.382886e-04 7.107376e-07 1.356956e-06
15 1.348240e-04 9.382886e-04 1.791401e-03 1.021269e-07 7.107376e-07
16 1.356956e-06 7.107376e-07 1.021269e-07 1.791401e-03 9.382886e-04
17 7.107376e-07 1.356956e-06 7.107376e-07 9.382886e-04 1.791401e-03
18 1.021269e-07 7.107376e-07 1.356956e-06 1.348240e-04 9.382886e-04
19 8.330248e-04 6.166746e-04 2.501787e-04 2.947989e-05 2.182348e-05
20 6.166746e-04 8.330248e-04 6.166746e-04 2.182348e-05 2.947989e-05
21 2.501787e-04 6.166746e-04 8.330248e-04 8.853568e-06 2.182348e-05
22 2.947989e-05 2.182348e-05 8.853568e-06 8.330248e-04 6.166746e-04
23 2.182348e-05 2.947989e-05 2.182348e-05 6.166746e-04 8.330248e-04
24 8.853568e-06 2.182348e-05 2.947989e-05 2.501787e-04 6.166746e-04
25 1.632912e-04 6.493361e-04 1.632912e-04 1.206101e-06 4.796124e-06
              6            7            8            9           10
1  1.113981e-55 5.784062e-03 7.168131e-04 1.364348e-06 4.857107e-13
2  4.261364e-45 7.168131e-04 5.784062e-03 7.168131e-04 6.019365e-14
3  1.435838e-41 1.364348e-06 7.168131e-04 5.784062e-03 1.145697e-16
4  1.745640e-16 4.857107e-13 6.019365e-14 1.145697e-16 5.784062e-03
5  6.677680e-06 6.019365e-14 4.857107e-13 6.019365e-14 7.168131e-04
6  2.250000e-02 1.145697e-16 6.019365e-14 4.857107e-13 1.364348e-06
7  1.145697e-16 2.250000e-02 6.677680e-06 1.745640e-16 1.435838e-41
8  6.019365e-14 6.677680e-06 2.250000e-02 6.677680e-06 4.261364e-45
9  4.857107e-13 1.745640e-16 6.677680e-06 2.250000e-02 1.113981e-55
10 1.364348e-06 1.435838e-41 4.261364e-45 1.113981e-55 2.250000e-02
11 7.168131e-04 4.261364e-45 1.435838e-41 4.261364e-45 6.677680e-06
12 5.784062e-03 1.113981e-55 4.261364e-45 1.435838e-41 1.745640e-16
13 1.021269e-07 5.784062e-03 7.168131e-04 1.364348e-06 4.857107e-13
14 7.107376e-07 7.168131e-04 5.784062e-03 7.168131e-04 6.019365e-14
15 1.356956e-06 1.364348e-06 7.168131e-04 5.784062e-03 1.145697e-16
16 1.348240e-04 4.857107e-13 6.019365e-14 1.145697e-16 5.784062e-03
17 9.382886e-04 6.019365e-14 4.857107e-13 6.019365e-14 7.168131e-04
18 1.791401e-03 1.145697e-16 6.019365e-14 4.857107e-13 1.364348e-06
19 8.853568e-06 1.791401e-03 9.382886e-04 1.348240e-04 1.356956e-06
20 2.182348e-05 9.382886e-04 1.791401e-03 9.382886e-04 7.107376e-07
21 2.947989e-05 1.348240e-04 9.382886e-04 1.791401e-03 1.021269e-07
22 2.501787e-04 1.356956e-06 7.107376e-07 1.021269e-07 1.791401e-03
23 6.166746e-04 7.107376e-07 1.356956e-06 7.107376e-07 9.382886e-04
24 8.330248e-04 1.021269e-07 7.107376e-07 1.356956e-06 1.348240e-04
25 1.206101e-06 7.188593e-09 4.529707e-06 7.188593e-09 8.000712e-19
             11           12           13           14           15
1  6.019365e-14 1.145697e-16 1.791401e-03 9.382886e-04 1.348240e-04
2  4.857107e-13 6.019365e-14 9.382886e-04 1.791401e-03 9.382886e-04
3  6.019365e-14 4.857107e-13 1.348240e-04 9.382886e-04 1.791401e-03
4  7.168131e-04 1.364348e-06 1.356956e-06 7.107376e-07 1.021269e-07
5  5.784062e-03 7.168131e-04 7.107376e-07 1.356956e-06 7.107376e-07
6  7.168131e-04 5.784062e-03 1.021269e-07 7.107376e-07 1.356956e-06
7  4.261364e-45 1.113981e-55 5.784062e-03 7.168131e-04 1.364348e-06
8  1.435838e-41 4.261364e-45 7.168131e-04 5.784062e-03 7.168131e-04
9  4.261364e-45 1.435838e-41 1.364348e-06 7.168131e-04 5.784062e-03
10 6.677680e-06 1.745640e-16 4.857107e-13 6.019365e-14 1.145697e-16
11 2.250000e-02 6.677680e-06 6.019365e-14 4.857107e-13 6.019365e-14
12 6.677680e-06 2.250000e-02 1.145697e-16 6.019365e-14 4.857107e-13
13 6.019365e-14 1.145697e-16 2.250000e-02 6.677680e-06 1.745640e-16
14 4.857107e-13 6.019365e-14 6.677680e-06 2.250000e-02 6.677680e-06
15 6.019365e-14 4.857107e-13 1.745640e-16 6.677680e-06 2.250000e-02
16 7.168131e-04 1.364348e-06 1.435838e-41 4.261364e-45 1.113981e-55
17 5.784062e-03 7.168131e-04 4.261364e-45 1.435838e-41 4.261364e-45
18 7.168131e-04 5.784062e-03 1.113981e-55 4.261364e-45 1.435838e-41
19 7.107376e-07 1.021269e-07 5.784062e-03 7.168131e-04 1.364348e-06
20 1.356956e-06 7.107376e-07 7.168131e-04 5.784062e-03 7.168131e-04
21 7.107376e-07 1.356956e-06 1.364348e-06 7.168131e-04 5.784062e-03
22 9.382886e-04 1.348240e-04 4.857107e-13 6.019365e-14 1.145697e-16
23 1.791401e-03 9.382886e-04 6.019365e-14 4.857107e-13 6.019365e-14
24 9.382886e-04 1.791401e-03 1.145697e-16 6.019365e-14 4.857107e-13
25 5.041442e-16 8.000712e-19 4.302596e-06 1.240942e-04 4.302596e-06
             16           17           18           19           20
1  1.356956e-06 7.107376e-07 1.021269e-07 8.330248e-04 6.166746e-04
2  7.107376e-07 1.356956e-06 7.107376e-07 6.166746e-04 8.330248e-04
3  1.021269e-07 7.107376e-07 1.356956e-06 2.501787e-04 6.166746e-04
4  1.791401e-03 9.382886e-04 1.348240e-04 2.947989e-05 2.182348e-05
5  9.382886e-04 1.791401e-03 9.382886e-04 2.182348e-05 2.947989e-05
6  1.348240e-04 9.382886e-04 1.791401e-03 8.853568e-06 2.182348e-05
7  4.857107e-13 6.019365e-14 1.145697e-16 1.791401e-03 9.382886e-04
8  6.019365e-14 4.857107e-13 6.019365e-14 9.382886e-04 1.791401e-03
9  1.145697e-16 6.019365e-14 4.857107e-13 1.348240e-04 9.382886e-04
10 5.784062e-03 7.168131e-04 1.364348e-06 1.356956e-06 7.107376e-07
11 7.168131e-04 5.784062e-03 7.168131e-04 7.107376e-07 1.356956e-06
12 1.364348e-06 7.168131e-04 5.784062e-03 1.021269e-07 7.107376e-07
13 1.435838e-41 4.261364e-45 1.113981e-55 5.784062e-03 7.168131e-04
14 4.261364e-45 1.435838e-41 4.261364e-45 7.168131e-04 5.784062e-03
15 1.113981e-55 4.261364e-45 1.435838e-41 1.364348e-06 7.168131e-04
16 2.250000e-02 6.677680e-06 1.745640e-16 4.857107e-13 6.019365e-14
17 6.677680e-06 2.250000e-02 6.677680e-06 6.019365e-14 4.857107e-13
18 1.745640e-16 6.677680e-06 2.250000e-02 1.145697e-16 6.019365e-14
19 4.857107e-13 6.019365e-14 1.145697e-16 2.250000e-02 6.677680e-06
20 6.019365e-14 4.857107e-13 6.019365e-14 6.677680e-06 2.250000e-02
21 1.145697e-16 6.019365e-14 4.857107e-13 1.745640e-16 6.677680e-06
22 5.784062e-03 7.168131e-04 1.364348e-06 1.435838e-41 4.261364e-45
23 7.168131e-04 5.784062e-03 7.168131e-04 4.261364e-45 1.435838e-41
24 1.364348e-06 7.168131e-04 5.784062e-03 1.113981e-55 4.261364e-45
25 2.770413e-11 7.990346e-10 2.770413e-11 3.308220e-04 7.884761e-04
             21           22           23           24           25
1  2.501787e-04 2.947989e-05 2.182348e-05 8.853568e-06 1.632912e-04
2  6.166746e-04 2.182348e-05 2.947989e-05 2.182348e-05 6.493361e-04
3  8.330248e-04 8.853568e-06 2.182348e-05 2.947989e-05 1.632912e-04
4  8.853568e-06 8.330248e-04 6.166746e-04 2.501787e-04 1.206101e-06
5  2.182348e-05 6.166746e-04 8.330248e-04 6.166746e-04 4.796124e-06
6  2.947989e-05 2.501787e-04 6.166746e-04 8.330248e-04 1.206101e-06
7  1.348240e-04 1.356956e-06 7.107376e-07 1.021269e-07 7.188593e-09
8  9.382886e-04 7.107376e-07 1.356956e-06 7.107376e-07 4.529707e-06
9  1.791401e-03 1.021269e-07 7.107376e-07 1.356956e-06 7.188593e-09
10 1.021269e-07 1.791401e-03 9.382886e-04 1.348240e-04 8.000712e-19
11 7.107376e-07 9.382886e-04 1.791401e-03 9.382886e-04 5.041442e-16
12 1.356956e-06 1.348240e-04 9.382886e-04 1.791401e-03 8.000712e-19
13 1.364348e-06 4.857107e-13 6.019365e-14 1.145697e-16 4.302596e-06
14 7.168131e-04 6.019365e-14 4.857107e-13 6.019365e-14 1.240942e-04
15 5.784062e-03 1.145697e-16 6.019365e-14 4.857107e-13 4.302596e-06
16 1.145697e-16 5.784062e-03 7.168131e-04 1.364348e-06 2.770413e-11
17 6.019365e-14 7.168131e-04 5.784062e-03 7.168131e-04 7.990346e-10
18 4.857107e-13 1.364348e-06 7.168131e-04 5.784062e-03 2.770413e-11
19 1.745640e-16 1.435838e-41 4.261364e-45 1.113981e-55 3.308220e-04
20 6.677680e-06 4.261364e-45 1.435838e-41 4.261364e-45 7.884761e-04
21 2.250000e-02 1.113981e-55 4.261364e-45 1.435838e-41 3.308220e-04
22 1.113981e-55 2.250000e-02 6.677680e-06 1.745640e-16 1.508203e-05
23 4.261364e-45 6.677680e-06 2.250000e-02 6.677680e-06 3.594628e-05
24 1.435838e-41 1.745640e-16 6.677680e-06 2.250000e-02 1.508203e-05
25 3.308220e-04 1.508203e-05 3.594628e-05 1.508203e-05 2.250000e-02</code></pre>
</div>
</div>
<div class="cell">
<div class="sourceCode cell-code" id="cb9"><pre class="sourceCode r code-with-copy"><code class="sourceCode r"><span id="cb9-1"><a href="#cb9-1" aria-hidden="true" tabindex="-1"></a>lambda<span class="ot">=</span><span class="fu">solve</span>(sigma)<span class="sc">%*%</span>sigma0[<span class="dv">25</span>,<span class="sc">-</span><span class="dv">25</span>]</span>
<span id="cb9-2"><a href="#cb9-2" aria-hidden="true" tabindex="-1"></a>lambda</span></code><button title="Copy to Clipboard" class="code-copy-button"><i class="bi"></i></button></pre></div>
<div class="cell-output cell-output-stdout">
<pre><code>            [,1]
1   7.588729e-03
2   3.051466e-02
3   7.588729e-03
4  -3.276782e-05
5   1.166265e-04
6  -3.276782e-05
7  -4.212887e-03
8  -1.073644e-02
9  -4.212887e-03
10 -5.666790e-05
11 -9.187561e-05
12 -5.666790e-05
13 -5.543596e-03
14 -4.857869e-03
15 -5.543596e-03
16 -2.212264e-04
17 -4.597041e-04
18 -2.212264e-04
19  1.587928e-02
20  3.629635e-02
21  1.587928e-02
22  7.064917e-04
23  1.685196e-03
24  7.064917e-04</code></pre>
</div>
</div>
<div class="cell">
<div class="sourceCode cell-code" id="cb11"><pre class="sourceCode r code-with-copy"><code class="sourceCode r"><span id="cb11-1"><a href="#cb11-1" aria-hidden="true" tabindex="-1"></a>z_pred0<span class="ot">=</span><span class="fu">t</span>(lambda)<span class="sc">%*%</span>datos1[,<span class="dv">4</span>]</span>
<span id="cb11-2"><a href="#cb11-2" aria-hidden="true" tabindex="-1"></a>z_pred0</span></code><button title="Copy to Clipboard" class="code-copy-button"><i class="bi"></i></button></pre></div>
<div class="cell-output cell-output-stdout">
<pre><code>            [,1]
[1,] -0.01896592</code></pre>
</div>
</div>
<div class="cell">
<div class="sourceCode cell-code" id="cb13"><pre class="sourceCode r code-with-copy"><code class="sourceCode r"><span id="cb13-1"><a href="#cb13-1" aria-hidden="true" tabindex="-1"></a>VarErropred0<span class="ot">=</span>sigma[<span class="dv">1</span>,<span class="dv">1</span>]<span class="sc">-</span><span class="fu">t</span>(sigma0[<span class="dv">25</span>,<span class="sc">-</span><span class="dv">25</span>])<span class="sc">%*%</span><span class="fu">solve</span>(sigma)<span class="sc">%*%</span>sigma0[<span class="dv">25</span>,<span class="sc">-</span><span class="dv">25</span>]</span>
<span id="cb13-2"><a href="#cb13-2" aria-hidden="true" tabindex="-1"></a>VarErropred0</span></code><button title="Copy to Clipboard" class="code-copy-button"><i class="bi"></i></button></pre></div>
<div class="cell-output cell-output-stdout">
<pre><code>          [,1]
[1,] 0.0224392</code></pre>
</div>
</div>
</section>
<section id="algunas-funciones-de-covarianza-espacio-temporal-no-separables" class="level2">
<h2 class="anchored" data-anchor-id="algunas-funciones-de-covarianza-espacio-temporal-no-separables"><strong>Algunas funciones de covarianza espacio temporal no separables</strong></h2>
<div class="cell">
<div class="sourceCode cell-code" id="cb15"><pre class="sourceCode r code-with-copy"><code class="sourceCode r"><span id="cb15-1"><a href="#cb15-1" aria-hidden="true" tabindex="-1"></a><span class="do">##Funciones de covarianza espacio temporal p vector de parámetros para cada modelo</span></span>
<span id="cb15-2"><a href="#cb15-2" aria-hidden="true" tabindex="-1"></a>exp_esp_temp<span class="ot">=</span><span class="cf">function</span>(h,u,p){((p[<span class="dv">1</span>])<span class="sc">^</span><span class="dv">2</span>)<span class="sc">*</span><span class="fu">exp</span>(<span class="sc">-</span>h<span class="sc">/</span>p[<span class="dv">2</span>]<span class="sc">-</span>u<span class="sc">/</span>p[<span class="dv">3</span>])}</span>
<span id="cb15-3"><a href="#cb15-3" aria-hidden="true" tabindex="-1"></a>gauss_esp_temp<span class="ot">=</span><span class="cf">function</span>(h,u,p){(p[<span class="dv">1</span>]<span class="sc">^</span><span class="dv">2</span>)<span class="sc">*</span><span class="fu">exp</span>(<span class="sc">-</span>(h<span class="sc">/</span>p[<span class="dv">2</span>])<span class="sc">^</span><span class="dv">2</span><span class="sc">-</span>(u<span class="sc">/</span>p[<span class="dv">3</span>])<span class="sc">^</span><span class="dv">2</span>)}</span>
<span id="cb15-4"><a href="#cb15-4" aria-hidden="true" tabindex="-1"></a>cressie1<span class="ot">=</span><span class="cf">function</span>(h,u,p){(p[<span class="dv">1</span>]<span class="sc">^</span><span class="dv">2</span><span class="sc">/</span>((p[<span class="dv">2</span>]<span class="sc">^</span><span class="dv">2</span><span class="sc">*</span>u<span class="sc">^</span><span class="dv">2</span><span class="sc">+</span><span class="dv">1</span>)))<span class="sc">*</span><span class="fu">exp</span>(<span class="sc">-</span>(p[<span class="dv">3</span>]<span class="sc">^</span><span class="dv">2</span><span class="sc">*</span>h<span class="sc">^</span><span class="dv">2</span>)<span class="sc">/</span>(p[<span class="dv">2</span>]<span class="sc">^</span><span class="dv">2</span><span class="sc">*</span>u<span class="sc">^</span><span class="dv">2</span><span class="sc">+</span><span class="dv">1</span>))}</span>
<span id="cb15-5"><a href="#cb15-5" aria-hidden="true" tabindex="-1"></a>Gneiting1<span class="ot">=</span><span class="cf">function</span>(h,u,p){p[<span class="dv">1</span>]<span class="sc">^</span><span class="dv">2</span><span class="sc">/</span>((p[<span class="dv">2</span>]<span class="sc">*</span>u<span class="sc">^</span>(<span class="dv">2</span><span class="sc">*</span>p[<span class="dv">3</span>])<span class="sc">+</span><span class="dv">1</span>)<span class="sc">^</span>(p[<span class="dv">4</span>]))<span class="sc">*</span><span class="fu">exp</span>(<span class="sc">-</span>(p[<span class="dv">6</span>]<span class="sc">*</span>h<span class="sc">^</span>(<span class="dv">2</span><span class="sc">*</span>p[<span class="dv">5</span>]))<span class="sc">/</span>((p[<span class="dv">2</span>]<span class="sc">*</span>u<span class="sc">^</span>(<span class="dv">2</span><span class="sc">*</span>p[<span class="dv">3</span>])<span class="sc">+</span><span class="dv">1</span>)<span class="sc">^</span>(p[<span class="dv">4</span>]<span class="sc">*</span>p[<span class="dv">5</span>])))}</span>
<span id="cb15-6"><a href="#cb15-6" aria-hidden="true" tabindex="-1"></a>Gneiting2<span class="ot">=</span><span class="cf">function</span>(h,u,sigma,p)</span>
<span id="cb15-7"><a href="#cb15-7" aria-hidden="true" tabindex="-1"></a>{p[<span class="dv">1</span>]<span class="sc">^</span><span class="dv">2</span><span class="sc">/</span>((<span class="dv">2</span><span class="sc">^</span>(p[<span class="dv">3</span>]<span class="sc">-</span><span class="dv">1</span>))<span class="sc">*</span>p[<span class="dv">7</span>](p[<span class="dv">3</span>])<span class="sc">*</span>(p[<span class="dv">2</span>]<span class="sc">*</span>u<span class="sc">^</span>(<span class="dv">2</span><span class="sc">*</span>p[<span class="dv">3</span>])<span class="sc">+</span><span class="dv">1</span>)<span class="sc">^</span>(p[<span class="dv">4</span>]<span class="sc">+</span>p[<span class="dv">5</span>]))<span class="sc">*</span></span>
<span id="cb15-8"><a href="#cb15-8" aria-hidden="true" tabindex="-1"></a>(((p[<span class="dv">6</span>]<span class="sc">*</span>h)<span class="sc">/</span>((p[<span class="dv">2</span>]<span class="sc">*</span>u<span class="sc">^</span>(<span class="dv">2</span><span class="sc">*</span>p[<span class="dv">3</span>])<span class="sc">+</span><span class="dv">1</span>)<span class="sc">^</span>(p[<span class="dv">5</span>]<span class="sc">/</span><span class="dv">2</span>)))<span class="sc">^</span>p[<span class="dv">3</span>])<span class="sc">*</span></span>
<span id="cb15-9"><a href="#cb15-9" aria-hidden="true" tabindex="-1"></a><span class="fu">besselK</span>(((p[<span class="dv">6</span>]<span class="sc">*</span>h)<span class="sc">/</span>((p[<span class="dv">2</span>]<span class="sc">*</span>u<span class="sc">^</span>(<span class="dv">2</span><span class="sc">*</span>p[<span class="dv">3</span>])<span class="sc">+</span><span class="dv">1</span>)<span class="sc">^</span>(p[<span class="dv">5</span>]<span class="sc">/</span><span class="dv">2</span>))),p[<span class="dv">3</span>])}</span>
<span id="cb15-10"><a href="#cb15-10" aria-hidden="true" tabindex="-1"></a>Iaco_Cesare<span class="ot">=</span><span class="cf">function</span>(h,u,a,b,c){(<span class="dv">1</span><span class="sc">+</span>h<span class="sc">^</span>p[<span class="dv">1</span>]<span class="sc">+</span>u<span class="sc">^</span>p[<span class="dv">2</span>])<span class="sc">^</span>(<span class="sc">-</span>p[<span class="dv">3</span>])}</span></code><button title="Copy to Clipboard" class="code-copy-button"><i class="bi"></i></button></pre></div>
</div>
</section>
<section id="c-r-e-s-s-i-e---h-u-a-n-g-1999" class="level2">
<h2 class="anchored" data-anchor-id="c-r-e-s-s-i-e---h-u-a-n-g-1999">C R E S S I E - H U A N G (1999)</h2>
<div class="cell">
<div class="sourceCode cell-code" id="cb16"><pre class="sourceCode r code-with-copy"><code class="sourceCode r"><span id="cb16-1"><a href="#cb16-1" aria-hidden="true" tabindex="-1"></a><span class="co">#sigma:desviacion estandar, a es el parámetros de escala del tiempo, b es el parámetros de escala del espacio, d es la dimensión espacial; a,b positivos</span></span>
